[2, 50, 51, 52, 50, 51, 52, 51, 50, 3, 0];harry potter 7
[2, 50, 51, 52, 50, 51, 53, 54, 55, 3, 1]
[2, 50, 51, 52, 50, 51, 53, 54, 55, 3, 1]
[2, 50, 51, 52, 50, 51, 53, 54, 55, 3, 1]
[2, 50, 51, 52, 50, 51, 53, 54, 55, 3, 1]
[2, 50, 51, 52, 50, 51, 53, 54, 55, 3, 1]
[2, 50, 51, 52, 50, 51, 53, 54, 55, 3, 1]
[2, 50, 51, 52, 50, 51, 53, 54, 55, 3, 1]
[2, 50, 51, 52, 50, 51, 53, 54, 55, 3, 1]
null
null
null
null
null
null
null
null
null
null
null
null
null
[2, 102, 115, 100, 102, 115, 100, 3, 1]
[2, 102, 115, 100, 102, 115, 100, 3, 1]
[2, 102, 115, 100, 102, 115, 100, 3, 1]
[2, 102, 115, 100, 102, 115, 100, 3, 1]
[2, 102, 115, 100, 102, 115, 100, 3, 1]
[2, 102, 115, 100, 102, 115, 100, 3, 1]
[2, 102, 115, 100, 102, 115, 100, 3, 1]
[2, 102, 115, 100, 102, 115, 100, 3, 1]
[2, 102, 115, 100, 102, 115, 100, 3, 1]
[2, 102, 115, 100, 102, 115, 100, 3, 1]
[2, 102, 115, 100, 102, 115, 100, 3, 1]
[2, 102, 115, 100, 102, 115, 100, 3, 1]
[2, 102, 115, 100, 102, 115, 100, 3, 1]
[2, 102, 115, 100, 102, 115, 100, 3, 1]
[2, 102, 115, 100, 102, 115, 100, 3, 1]
[2, 102, 115, 100, 102, 115, 100, 3, 1]
[2, 102, 115, 100, 102, 115, 100, 3, 1]
[2, 102, 115, 100, 102, 115, 100, 3, 1]
[2, 102, 115, 100, 102, 115, 100, 3, 1]
[2, 102, 115, 100, 102, 115, 100, 3, 1]
[2, 102, 115, 100, 102, 115, 100, 3, 1]
[2, 102, 115, 100, 102, 115, 100, 3, 1]
[2, 102, 115, 100, 102, 115, 100, 3, 1]
[2, 102, 115, 100, 102, 115, 100, 3, 1]
[2, 102, 115, 100, 102, 115, 100, 3, 1]
[2, 102, 115, 100, 102, 115, 100, 3, 1]
[2, 102, 115, 100, 102, 115, 100, 3, 1]
[2, 102, 115, 100, 102, 115, 100, 3, 1]
[2, 102, 115, 100, 102, 115, 100, 3, 1]
[2, 102, 115, 100, 102, 115, 100, 3, 1]
[2, 102, 115, 100, 102, 115, 100, 3, 1]
[2, 102, 115, 100, 102, 115, 100, 3, 1]
[2, 102, 115, 100, 102, 115, 100, 3, 1]
[2, 102, 115, 100, 102, 115, 100, 3, 1]
[2, 102, 115, 100, 102, 115, 100, 3, 1]
[2, 102, 115, 100, 102, 115, 100, 3, 1]
[2, 102, 115, 100, 102, 115, 100, 3, 1]
[2, 102, 115, 100, 102, 115, 100, 3, 1]
[2, 102, 115, 100, 102, 115, 100, 3, 1]
[2, 102, 115, 100, 102, 115, 100, 3, 1]
[2, 102, 115, 100, 102, 115, 100, 3, 1]
[2, 102, 115, 100, 102, 115, 100, 3, 1]
[2, 102, 115, 100, 102, 115, 100, 3, 1]
[2, 102, 115, 100, 102, 115, 100, 3, 1]
[2, 102, 115, 100, 102, 115, 100, 3, 1]
[2, 102, 115, 100, 102, 115, 100, 3, 1]
[2, 102, 115, 100, 102, 115, 100, 3, 1]
[2, 102, 115, 100, 102, 115, 100, 3, 1]
[2, 102, 115, 100, 102, 115, 100, 3, 1]
[2, 102, 115, 100, 102, 115, 100, 3, 1]
[2, 102, 115, 100, 102, 115, 100, 3, 1]
[2, 102, 115, 100, 102, 115, 100, 3, 1]
[2, 102, 115, 100, 102, 115, 100, 3, 1]
[2, 102, 115, 100, 102, 115, 100, 3, 1]
[2, 102, 115, 100, 102, 115, 100, 3, 1]
[2, 102, 115, 100, 102, 115, 100, 3, 1]
[2, 102, 115, 100, 102, 115, 100, 3, 1]
[2, 102, 115, 100, 102, 115, 100, 3, 1]
[2, 102, 115, 100, 102, 115, 100, 3, 1]
[2, 102, 115, 100, 102, 115, 100, 3, 1]
[2, 102, 115, 100, 102, 115, 100, 3, 1]
[2, 102, 115, 100, 102, 115, 100, 3, 1]
[2, 102, 115, 100, 102, 115, 100, 3, 1]
[2, 102, 115, 100, 102, 115, 100, 3, 1]
[2, 102, 115, 100, 102, 115, 100, 3, 1]
[2, 102, 115, 100, 102, 115, 100, 3, 1]
[2, 102, 115, 100, 102, 115, 100, 3, 1]
[2, 102, 115, 100, 102, 115, 100, 3, 1]
[2, 102, 115, 100, 102, 115, 100, 3, 1]
[2, 102, 115, 100, 102, 115, 100, 3, 1]
[2, 102, 115, 100, 102, 115, 100, 3, 1]
[2, 102, 115, 100, 102, 115, 100, 3, 1]
[2, 102, 115, 100, 102, 115, 100, 3, 1]
[2, 102, 115, 100, 102, 115, 100, 3, 1]
[2, 102, 115, 100, 102, 115, 100, 3, 1]
[2, 102, 115, 100, 102, 115, 100, 3, 1]
[2, 102, 115, 100, 102, 115, 100, 3, 1]
[2, 102, 115, 100, 102, 115, 100, 3, 1]
[2, 102, 115, 100, 102, 115, 100, 3, 1]
[2, 102, 115, 100, 102, 115, 100, 3, 1]
[2, 102, 115, 100, 102, 115, 100, 3, 1]
[2, 102, 115, 100, 102, 115, 100, 3, 1]
[2, 102, 115, 100, 102, 115, 100, 3, 1]
[2, 102, 115, 100, 102, 115, 100, 3, 1]
[2, 102, 115, 100, 102, 115, 100, 3, 1]
[2, 102, 115, 100, 102, 115, 100, 3, 1]
[2, 102, 115, 100, 102, 115, 100, 3, 1]
[2, 102, 115, 100, 102, 115, 100, 3, 1]
[2, 102, 115, 100, 102, 115, 100, 3, 1]
[2, 102, 115, 100, 102, 115, 100, 3, 1]
[2, 102, 115, 100, 102, 115, 100, 3, 1]
[2, 102, 115, 100, 102, 115, 100, 3, 1]
[2, 102, 115, 100, 102, 115, 100, 3, 1]
[2, 102, 115, 100, 102, 115, 100, 3, 1]
[2, 102, 115, 100, 102, 115, 100, 3, 1]
[2, 102, 115, 100, 102, 115, 100, 3, 1]
[2, 102, 115, 100, 102, 115, 100, 3, 1]
[2, 102, 115, 100, 102, 115, 100, 3, 1]
[2, 102, 115, 100, 102, 115, 100, 3, 1]
[2, 102, 115, 100, 102, 115, 100, 3, 1]
[2, 102, 115, 100, 102, 115, 100, 3, 1]
[2, 102, 115, 100, 102, 115, 100, 3, 1]
[2, 102, 115, 100, 102, 115, 100, 3, 1]
[2, 102, 115, 100, 102, 115, 100, 3, 1]
[2, 102, 115, 100, 102, 115, 100, 3, 1]
[2, 102, 115, 100, 102, 115, 100, 3, 1]
[2, 102, 115, 100, 102, 115, 100, 3, 1]
[2, 102, 115, 100, 102, 115, 100, 3, 1]
[2, 102, 115, 100, 102, 115, 100, 3, 1]
[2, 102, 115, 100, 102, 115, 100, 3, 1]
[2, 102, 115, 100, 102, 115, 100, 3, 1]
[2, 102, 115, 100, 102, 115, 100, 3, 1]
[2, 3, 1]
[2, 3, 1]
[2, 3, 1]
[2, 3, 1]
[2, 3, 1]
[2, 3, 1]
[2, 3, 1]
[2, 3, 1]
[2, 3, 1]
[2, 3, 1]
[2, 3, 1]
[2, 3, 1]
[2, 3, 1]
[2, 3, 1]
[2, 3, 1]
[2, 3, 1]
[2, 3, 1]
[2, 3, 1]
[2, 3, 1]
[2, 3, 1]
[2, 3, 1]
[2, 3, 1]
[2, 3, 1]
[2, 3, 1]
[2, 3, 1]
[2, 3, 1]
[2, 3, 1]
[2, 3, 1]
[2, 3, 1]
[2, 3, 1]
[2, 3, 1]
[2, 3, 1]
[2, 3, 1]
[2, 3, 1]
[2, 3, 1]
[2, 3, 1]
[2, 3, 1]
[2, 3, 1]
[2, 3, 1]
[2, 3, 1]
[2, 3, 1]
[2, 3, 1]
[2, 3, 1]
[2, 3, 1]
[2, 3, 1]
[2, 3, 1]
[2, 3, 1]
[2, 3, 1]
[2, 3, 1]
[2, 3, 1]
[2, 3, 1]
[2, 3, 1]
[2, 54, 99, 50, 49, 3, 87]
[2, 54, 99, 50, 49, 3, 87]
[2, 54, 99, 50, 49, 3, 87]
[2, 54, 99, 50, 49, 3, 87]
[2, 54, 99, 50, 49, 3, 87]
[2, 54, 99, 50, 49, 3, 87]
[2, 54, 99, 50, 49, 3, 87]
[2, 54, 99, 50, 49, 3, 87]
[2, 54, 99, 50, 49, 3, 87]
[2, 54, 99, 50, 49, 3, 87]
[2, 54, 99, 50, 49, 3, 87]
[2, 54, 99, 50, 49, 3, 87]
[2, 54, 99, 50, 49, 3, 87]
[2, 54, 99, 50, 49, 3, 87]
[2, 54, 99, 50, 49, 3, 87]
[2, 54, 99, 50, 49, 3, 87]
[2, 54, 99, 50, 49, 3, 87]
[2, 54, 99, 50, 49, 3, 87]
[2, 54, 99, 50, 49, 3, 87]
[2, 54, 99, 50, 49, 3, 87]
[2, 54, 99, 50, 49, 3, 87]
[2, 54, 99, 50, 49, 3, 87]
[2, 54, 99, 50, 49, 3, 87]
[2, 54, 99, 50, 49, 3, 87]
[2, 54, 99, 50, 49, 3, 87]
[2, 54, 99, 50, 49, 3, 87]
[2, 54, 99, 50, 49, 3, 87]
[2, 54, 99, 50, 49, 3, 87]
[2, 54, 99, 50, 49, 3, 87]
[2, 54, 99, 50, 49, 3, 87]
[2, 54, 99, 50, 49, 3, 87]
[2, 54, 99, 50, 49, 3, 87]
[2, 54, 99, 50, 49, 3, 87]
[2, 54, 99, 50, 49, 3, 87]
[2, 54, 99, 50, 49, 3, 87]
[2, 54, 99, 50, 49, 3, 87]
[2, 54, 99, 50, 49, 3, 87]
[2, 54, 99, 50, 49, 3, 87]
[2, 54, 99, 50, 49, 3, 87]
[2, 54, 99, 50, 49, 3, 87]
[2, 54, 99, 50, 49, 3, 87]
[2, 54, 99, 50, 49, 3, 87]
[2, 54, 99, 50, 49, 3, 87]
[2, 54, 99, 50, 49, 3, 87]
[2, 54, 99, 50, 49, 3, 87]
[2, 54, 99, 50, 49, 3, 87]
[2, 54, 99, 50, 49, 3, 87]
[2, 54, 99, 50, 49, 3, 87]
[2, 54, 99, 50, 49, 3, 87]
[2, 54, 99, 50, 49, 3, 87]
[2, 54, 99, 50, 49, 3, 87]
[2, 54, 99, 50, 49, 3, 87]
[2, 54, 99, 50, 49, 3, 87]
[2, 54, 99, 50, 49, 3, 87]
